9545468
11544480
12514014
15021904
15181282
15203221
15541888
15728793
15944243
15958730
16207839
16251502
16269516
16333845
16428770
16481589
16525033
16525034
16542655
16571871
16760380
16887817
16908014
16943367
17007665
17123942
17182891
17329596
17332336
17366577
17368609
17567959
17596563
17660197
17660198
17687118
17848589
17901071
17914071
17928626
17999625
18094762
18180375
18322274
18433299
18509162
18716286
18772167
18820370
18824559
18840672
18852162
18947405
18952847
19035462
19060097
19135439
19208550
19228597
19357132
19378418
19386805
19443782
19470708
19516023
19741209
19846601
19906888
20074457
20075392
20130271
20186879
20237333
20385232
20445128
20526348
20736313
20808308
20953578
20980683
21076080
21084714
21228211
21237132
21248290
21311037
21349822
21595826
21738714
21743435
21778143
21816853
21848643
21901307
21940708
22053092
22053093
22219213
22328529
22384159
22396455
22425761
22493142
22503189
22503865
22535643
22555958
22627195
22634610
22822053
22884480
22898023
22949725
23027623
23028124
23029333
23124701
23127506
23157623
23275702
23280668
23289893
23322008
23349861
23387271
23436800
23449627
23482492
23546543
23580233
23644153
23653462
23701125
23770690
23835433
23859041
23860205
23861370
23898046
23921184
24089202
24108744
24125950
24133577
24167106
24280783
24300666
24357720
24358259
24424050
24452950
24497732
24631207
24671882
24687528
24741069
24834131
24834705
24907341
24956082
25014071
25048004
25119169
25241761
25320010
25349779
25352418
25359475
25407900
25411776
25442017
25480151
25482787
25567742
25622783
25670873
25671104
25698753
25700737
25720380
25731188
25785089
25799554
25803847
25820186
25904014
25918435
25948584
26018731
26046590
26141991
26185457
26211402
26232338
26236647
26242269
26272917
26310817
26336147
26366417
26384852
26443636
26458823
26459638
26490840
26490843
26519477
26548627
26561393
26567214
26577839
26622864
26636514
26655567
26657770
26662110
26671618
26684394
26688146
26701206
26716417
26760678
26795563
26836412
26880031
26880586
26893480
26914495
26988990
27097355
27121327
27187374
27281706
27281782
27308601
27318091
27402753
27441275
27459239
27563424
27657059
27665547
27683264
27765951
27770611
27846039
27862280
27909249
27917343
27936391
27942580
28045574
28049723
28078543
28111288
28130552
28147324
28177124
28196412
28218391
28222174
28266316
28291684
28303123
28315333
28389370
28433874
28438610
28456913
28515230
28559407
28560380
28574608
28581888
28592245
28611764
28659758
28706419
28721437
28733346
28743518
28751674
28814571
28835716
28933585
28934129
28939879
28965845
29024947
29037916
29038245
29045588
29049217
29071030
29141922
29154080
29188650
29207054
29229010
29259132
29268122
29282071
29300111
29311996
29313809
29315347
29326975
29331044
29332228
29332294
29339359
29343958
29352988
29364174
29371955
29399553
29449532
29449600
29467321
29518019
29537306
29550383
29550500
29558202
29564801
29618746
29632383
29636108
29659033
29665121
29678550
29695704
29701013
29741915
29751150
29756334
29760222
29767559
29769604
29772252
29792166
29842809
29843597
29866133
29906487
29908921
29915160
29917108
29936177
29950132
29951132
29970347
29982533
29983484
30032286
30081710
30117680
30126842
30134957
30147344
30154830
30173647
30179602
30187775
30193891
30198788
30212930
30230030
30255656
30256438
30258071
30273905
30283027
30286535
30311108
30320903
30323180
30325501
30332608
30339696
30340825
30342186
30343043
30362626
30365340
30371509
30377255
30391282
30396063
30410044
30423298
30423477
30426301
30429459
30452117
30474276
30476887
30485480
30496633
30496858
30499613
30513286
30515160
30519310
30520151
30546040
30559247
30559488
30565694
30573803
30573976
30604908
30605831
30609134
30624774
30639585
30640362
30652029
30657558
30673867
30685085
30705251
30718294
30724633
30726215
30735839
30737406
30756369
30760632
30761646
30787447
30790678
30801683
30804427
30806449
30808876
30833707
30853343
30866587
30874545
30881588
30894182
30894654
30898057
30915827
30917119
30920400
30931932
30937635
30939040
30941654
30942529
30949321
30962349
30964448
30971297
30975734
30982401
30986607
31009516
31021016
31036565
31048689
31077743
31103606
31112365
31113351
31116258
31133044
31151297
31151422
31175271
31179571
31182842
31187384
31192779
31196980
31214268
31222577
31233701
31257493
31266805
31270345
31278420
31282111
31284865
31292171
31299111
31308216
31310799
31338535
31340679
31359683
31367864
31369730
31378887
31382554
31409848
31411131
31418854
31461340
31482470
31508568
31509344
31519471
31526568
31529191
31535410
31538542
31545915
31550972
31581558
31602671
31612027
31614145
31616914
31622878
31638299
31639107
31639155
31643095
31662208
31678285
31700105
31702027
31703269
31703303
31704270
31706303
31708102
31710489
31726078
31726164
31733451
31737919
31746438
31763180
31774019
31776900
31786845
31788050
31789411
31814036
31814223
31848189
31848326
31860779
31866117
31867739
31877781
31881249
31882478
31900337
31903637
31907582
31926131
31934723
31944568
31948053
31958764
31983129
32008084
32010791
32016470
32028069
32030599
32030967
32031354
32045792
32047914
32051089
32052247
32055997
32065420
32065443
32077156
32078308
32092037
32100907
32103377
32107843
32117786
32126264
32134157
32148554
32159216
32159851
32160078
32161101
32167787
32170186
32173467
32187723
32197418
32198058
32204419
32206064
32206109
32207599
32239650
32244398
32259211
32264916
32272082
32280065
32281236
32283060
32293799
32300098
32323779
32324271
32326617
32327648
32334263
32346136
32358164
32360365
32376279
32380090
32382293
32389635
32396270
32397652
32407761
32409569
32414345
32417523
32418930
32420559
32422890
32425817
32429421
32429534
32432500
32434091
32435229
32444778
32449282
32460900
32472767
32477148
32482868
32495040
32495860
32496008
32502648
32512160
32519806
32530820
32545591
32562081
32570036
32570039
32575007
32594094
32597007
32617842
32627003
32643448
32651268
32651353
32664705
32668815
32685432
32689994
32690131
32693349
32703898
32705247
32737620
32747435
32747927
32762307
32778842
32788230
32791090
32791312
32795319
32795530
32798507
32813234
32817457
32825091
32841221
32841643
32842681
32853412
32853652
32864857
32871633
32872540
32916904
32917360
32956929
32957876
32957908
32962863
32963737
32967239
32972333
32980350
32988584
33001583
33010383
33013914
33019495
33019931
33022524
33026833
33030206
33037139
33058483
33059492
33067254
33075233
33097837
33101439
33104837
33108345
33112787
33115415
33117266
33121356
33130276
33135264
33139749
33139832
33146694
33152469
33161164
33164393
33187817
33194668
33200027
33202535
33204396
33212374
33213267
33226171
33227183
33230458
33233528
33239676
33246552
33275208
33284571
33285290
33288885
33296781
33302387
33313952
33313978
33318039
33318551
33321972
33324557
33334784
33344654
33346914
33352947
33369167
33369441
33370564
33375708
33398248
33409963
33436794
33443092
33452734
33459431
33459949
33460868
33488754
33500463
33520684
33542744
33547667
33556477
33558461
33574931
33580171
33595872
33608513
33617879
33621295
33621689
33627405
33627781
33628103
33645093
33645094
33647426
33650827
33662786
33662979
33667549
33673798
33675430
33677380
33682133
33688358
33692853
33706714
33707308
33714144
33756346
33760194
33761370
33767224
33778069
33780861
33781778
33784266
33785041
33792237
33794254
33797919
33824873
33831510
33840168
33849821
33865222
33871068
33876829
33880122
33900023
33918729
33921111
33932995
33951626
33953784
33953786
33964319
33987937
34004440
34006643
34010591
34015594
34028657
34047085
34047289
34048556
34069992
34070901
34077593
34084164
34093533
34111458
34119542
34151850
34164910
34168274
34185141
34185228
34194533
34199327
34208772
34214199
34217776
34220524
34237300
34239024
34249422
34265398
34277796
34278961
34284104
34288721
34299258
34306139
34306165
34306596
34316004
34328195
34328830
34329659
34331953
34335660
34340024
34343000
34350769
34350954
34358523
34361694
34361750
34368860
34371171
34398425
34414225
34421625
34434264
34437731
34445617
34472274
34476862
34480104
34480897
34486979
34489430
34497749
34502346
34502529
34507982
34512330
34515002
34517882
34520454
34523215
34548052
34553755
34554432
34567410
34578333
34578413
34581059
34585534
34594100
34619160
34621817
34626563
34626718
34638550
34643242
34656851
34671409
34671555
34681809
34697685
34700241
34708049
34709510
34711123
34712201
34715892
34721759
34733451
34734011
34740634
34741187
34745007
34751606
34754315
34758125
34767732
34776973
34781857
34799209
34804079
34805401
34809653
34820373
34823500
34825377
34828420
34830320
34855554
34855631
34864064
34873410
34873575
34875308
34908920
34926636
34943973
34945004
34948154
34951997
34955857
34959222
34965411
34967205
34969089
34975502
34981193
34992218
34992668
35011295
35024051
35040393
35041299
35051095
35051778
35054890
35074920
35082159
35107605
35110422
35116477
35130279
35132912
35140796
35145518
35146777
35154344
35154608
35154614
35165507
35178098
35178102
35178960
35178961
35186104
35196362
35201948
35216969
35222040
35227178
35237157
35242279
35276240
35279280
35281609
35287352
35295341
35295473
35311161
35340244
35341048
35343164
35358599
35388303
35391627
35397555
35401166
35421571
35421944
35427726
35429799
35432563
35447200
35455411
35462897
35479328
35497916
35498147
35500219
35508083
35510223
35514403
35537009
35574010
35576115
35599880
35600955
35616000
35622142
35623351
35628212
35636166
35643225
35646137
35646148
35652263
35657056
35665681
35672352
35677689
35678749
35684936
35685889
35688186
35692141
35694273
35706477
35707465
35740845
35742955
35745580
35754492
35754685
35763120
35763977
35772677
35781817
35800124
35820930
35829804
35833337
35849954
35850458
35851121
35855804
35872979
35873484
35873639
35903358
35911158
35915795
35934178
35937803
35947018
35961608
35981368
35985410
35988839
35992697
35999378
36017496
36034828
36034875
36041587
36043445
36052061
36052274
36055605
36059943
36061795
36067041
36067712
36072391
36087811
36091226
36114287
36118213
36125228
36138412
36150222
36152511
36158000
36158185
36160115
36160451
36180995
36200679
36203481
36203590
36210811
36213291
36225314
36226171
36231015
36233156
36239103
36248427
36261841
36281111
36281234
36290884
36299773
36304416
36308567
36313338
36319798
36335193
36345477
36352148
36364084
36372157
36393868
36398204
36401273
36401375
36401485
36403742
36410574
36415861
36417662
36419618
36438791
36438835
36467554
36471935
36482557
36493392
36539667
36545745
36552785
36568408
36572352
36579091
36591238
36594556
36597703
36599852
36612069
36619864
36619895
36635923
36637694
36675122
36691005
36712676
36716329
36726736
36731689
36734292
36748964
36759259
36760518
36768698
36779980
36780989
36792609
36795655
36805222
36807721
36817123
36817449
36827925
36837814
36841025
36855022
36869767
36870024
36872279
36883568
36922519
36923465
36931175
36937538
36942990
36961195
36978933
36979407
37000102
37012370
37023258
37024982
37050869
37080367
37082132
37084637
37084641
37086267
37090055
37099452
37115066
37122359
37171392
37178049
37181876
37197555
37223879
37225585
37230567
37231756
37244283
37257350
37257705
37266620
37274103
37282883
37301443
37309760
37313819
37340727
37340752
37345246
37346467
37347115
37373509
37373516
37386516
37390239
37400006
37414198
37418754
37426641
37429843
37430475
37437802
37444395
37447010
37454750
37470804
37482261
37482350
37498608
37504931
37511362
37519219
37522847
37528987
37547465
37556042
37556490
37564983
37565925
37571296
37612858
37633586
37635236
37643025
37666859
37683540
37691276
37713831
37719108
37736110
37743355
37747014
37748625
37751436
37762153
37765047
37771185
37777026
37777029
37777122
37778211
37781829
37790614
37794689
37795156
37795174
37796360
37800842
37808199
37809372
37818184
37824375
37832131
37832654
37840274
37860565
37861538
37861962
37868072
37891694
37901360
37927608
37932998
37933407
37940875
37957490
37957903
37967241
37968726
37977426
37984529
37986321
37986339
37993790
38003461
38006650
38013375
38027735
38033342
38048642
38061171
38062349
38067326
38075560
38078145
38092793
38098593
38109076
38114115
38114139
38117455
38129425
38129793
38134388
38145100
38155957
38157100
38158139
38170762
38170849
38176927
38178132
38178682
38178684
38184025
38202644
38204223
38206683
38212150
38213144
38213175
38227011
38232859
38233690
38237172
38246999
38253276
38260910
38261660
38263212
38276291
38278994
38280993
38284203
38301910
38303001
38334649
38342135
38356395
38387275
38395179
38416872
38428659
38428859
38439147
38448914
38460276
38460594
38490288
38494098
38496849
38502688
38523541
38533033
38537385
38540773
38545623
38549163
38554674
38555860
38561315
38576495
38578403
38581859
38582338
38585769
38586587
38604506
38604555
38606505
38611471
38613141
38613352
38621884
38628140
38652958
38653998
38668351
38669816
38675964
38679099
38680308
38698060
38725454
38733905
38742846
38756592
38758860
38765004
38765022
38771335
38780475
38785053
38794187
38800011
38801274
38803943
38812235
38812760
38814227
38816768
38824977
38826084
38830480
38831545
38839586
38843329
38847180
38849817
38860392
38862934
38867293
38872461
38875382
38877861
38881369
38885209
38891383
38902348
38906511
38915950
38916485
38929152
38931398
38937935
38944364
38948459
38960931
38961033
38961451
38979669
38981212
38982418
39015338
39056691
39062188
39072491
39082031
39086892
39093445
39094758
39105932
39108896
39117978
39128555
39129158
39130575
39134897
39136503
39137827
39145499
39153107
39153579
39159996
39163894
39169713
39193162
39197582
39205919
39215239
39218162
39220381
39220912
39231689
39247617
39248061
39258670
39267350
39273530
39278984
39280184
39280954
39283066
39286188
39290381
39304868
39306203
39309919
39323640
39328405
39329977
39333640
39346898
39354758
39369940
39375436
39382813
39386939
39395239
39417237
